19
28 
{17,17,17,17,17,17,17,17,1,1,1,17,17,17,17,17,17,17,17,17},
{1,17,17,17,17,17,17,17,1,30,1,17,17,17,17,17,17,17,17,17},
{17,17,1,2,2,2,2,2,2,19,2,2,2,2,2,2,1,17,17,17},
{17,17,1,5,10,10,10,10,10,27,10,10,10,10,10,6,1,17,17,17},
{1,1,1,9,0,0,0,0,0,0,0,0,0,0,0,11,1,1,1,17},
{1,34,32,24,0,0,0,0,0,0,0,0,0,0,0,25,33,34,1,17},
{2,2,1,9,13,12,12,12,14,0,13,12,12,12,14,11,1,2,2,17},
{17,17,1,9,11,1,1,1,9,0,11,1,1,1,9,11,1,17,17,17},
{17,17,1,9,11,1,17,1,9,0,11,1,17,1,9,11,1,17,17,17},
{17,17,1,9,11,2,3,2,9,0,11,2,4,2,9,11,1,17,17,17},
{1,1,1,9,16,10,10,10,15,0,16,10,10,10,15,11,1,1,1,17},
{1,34,32,24,0,0,0,0,0,0,0,0,0,0,0,25,33,34,1,17},
{2,2,1,9,13,12,12,12,14,0,13,12,12,12,14,11,1,2,2,17},
{17,17,1,9,11,1,1,1,9,0,11,1,1,1,9,11,1,17,17,17},
{17,17,1,9,11,1,17,1,9,0,11,1,17,1,9,11,1,17,17,17},
{17,17,1,9,11,2,4,2,9,0,11,2,3,2,9,11,1,17,17,17},
{1,1,1,9,16,10,10,10,15,0,16,10,10,10,15,11,1,1,1,17},
{1,34,32,24,0,0,0,0,0,0,0,0,0,0,0,25,33,34,1,17},
{2,2,1,9,13,12,12,12,14,0,13,12,12,12,14,11,1,2,2,17},
{17,17,1,9,11,1,1,1,9,0,11,1,1,1,9,11,1,17,17,17},
{17,17,1,9,11,1,17,1,9,0,11,1,17,1,9,11,1,17,17,17},
{17,17,1,9,11,2,3,2,9,0,11,2,4,2,9,11,1,17,17,17},
{1,1,1,9,16,10,10,10,15,0,16,10,10,10,15,11,1,1,1,17},
{1,34,32,24,0,0,0,0,0,0,0,0,0,0,0,25,33,34,1,17},
{2,2,1,9,0,0,0,0,0,0,0,0,0,0,0,11,1,2,2,17},
{17,17,1,8,12,12,12,12,12,26,12,12,12,12,12,7,1,17,17,17},
{17,17,2,2,2,2,2,2,1,19,1,2,2,2,2,2,2,17,17,17},
{17,17,17,17,17,17,17,17,1,31,1,17,17,17,17,17,17,17,17,17},
{79,17,17,17,17,17,17,17,2,2,2,17,17,17,17,17,17,17,17,69},
